1,39,39,39.7
2,39,39,39.62
3,39,39,39.55
4,39,39,39.486666666666665
5,39,39,39.42333333333333
6,39,39,39.36
7,39,39,39.34
8,39,39,39.32
9,39,39,39.303333333333335
10,39,39,39.28666666666667
11,39,39,39.27
12,39,39,39.263333333333335
13,39,39,39.25666666666667
14,39,39,39.25
15,39,39,39.24333333333333
16,39,39,39.236666666666665
17,39,39,39.23
18,39,39,39.223333333333336
19,39,39,39.21666666666667
20,39,39,39.21
21,39,39,39.20333333333333
22,39,39,39.196666666666665
23,39,39,39.19
24,39,39,39.18333333333333
25,39,39,39.17666666666667
26,39,39,39.17
27,39,39,39.163333333333334
28,39,39,39.156666666666666
29,39,39,39.15
30,39,39,39.15
31,39,39,39.14333333333333
32,39,39,39.13666666666666
33,39,39,39.13
34,39,39,39.123333333333335
35,39,39,39.11666666666667
36,39,39,39.11
37,39,39,39.10333333333333
38,39,39,39.096666666666664
39,39,39,39.09
40,39,39,39.083333333333336
41,39,39,39.07666666666667
42,39,39,39.07
43,39,39,39.06333333333333
44,39,39,39.06
45,39,39,39.056666666666665
46,39,39,39.056666666666665
47,39,39,39.053333333333335
48,39,39,39.05
49,39,39,39.04666666666667
50,39,39,39.04333333333334
51,39,39,39.04
52,39,39,39.03666666666667
53,39,39,39.03333333333333
54,39,39,39.03
55,39,39,39.026666666666664
56,39,39,39.026666666666664
57,39,39,39.02333333333333
58,39,39,39.02
59,39,39,39.016666666666666
60,39,39,39.013333333333335
61,39,39,39.01
62,39,39,39.00666666666667
63,39,39,39.00333333333333
64,39,39,39.0
65,39,39,39.0
66,39,39,39.0
67,39,39,39.0
68,39,39,39.0
69,39,39,39.0
70,39,39,39.0
71,39,39,39.0
72,39,39,39.0
73,39,39,39.0
74,39,39,39.0
75,39,39,39.0
76,39,39,39.0
77,39,39,39.0
78,39,39,39.0
79,39,39,39.0
80,39,39,39.0
81,39,39,39.0
82,39,39,39.0
83,39,39,39.0
84,39,39,39.0
85,39,39,39.0
86,39,39,39.0
87,39,39,39.0
88,39,39,39.0
89,39,39,39.0
90,39,39,39.0
91,39,39,39.0
92,39,39,39.0
93,39,39,39.0
94,39,39,39.0
95,39,39,39.0
96,39,39,39.0
97,39,39,39.0
98,39,39,39.0
99,39,39,39.0
100,39,39,39.0
