1,1530,1876,2326.5433333333335
2,1530,1876,2324.02
3,1530,1856,2321.3
4,1530,1856,2319.5033333333336
5,1530,1856,2318.13
6,1530,1856,2316.91
7,1530,1856,2315.5633333333335
8,1530,1856,2313.7366666666667
9,1530,1856,2312.47
10,1530,1856,2310.286666666667
11,1530,1856,2308.8966666666665
12,1530,1856,2306.9566666666665
13,1530,1856,2305.2966666666666
14,1530,1856,2303.7633333333333
15,1530,1856,2302.6433333333334
16,1530,1856,2300.8233333333333
17,1530,1856,2299.8866666666668
18,1530,1856,2297.9066666666668
19,1530,1856,2296.826666666667
20,1530,1856,2294.69
21,1530,1856,2293.6233333333334
22,1530,1856,2293.11
23,1530,1856,2291.79
24,1530,1748,2289.0833333333335
25,1530,1748,2287.9466666666667
26,1530,1748,2286.1866666666665
27,1530,1748,2284.923333333333
28,1530,1748,2283.1466666666665
29,1530,1738,2280.45
30,1530,1738,2278.75
31,1530,1738,2276.38
32,1530,1738,2274.3
33,1530,1738,2273.0933333333332
34,1530,1738,2271.8433333333332
35,1530,1738,2270.44
36,1530,1738,2268.88
37,1530,1738,2266.31
38,1530,1738,2265.11
39,1530,1738,2263.326666666667
40,1530,1738,2261.766666666667
41,1530,1738,2260.2533333333336
42,1530,1738,2259.1233333333334
43,1530,1738,2257.84
44,1530,1738,2255.6566666666668
45,1530,1738,2254.24
46,1530,1738,2251.9533333333334
47,1530,1734,2249.4333333333334
48,1530,1734,2248.1633333333334
49,1530,1670,2245.4666666666667
50,1530,1670,2243.1633333333334
51,1530,1670,2242.24
52,1530,1670,2240.73
53,1530,1670,2238.6033333333335
54,1530,1670,2237.786666666667
55,1530,1670,2235.78
56,1530,1670,2233.9866666666667
57,1530,1670,2232.133333333333
58,1530,1670,2230.943333333333
59,1530,1670,2228.3733333333334
60,1530,1670,2227.443333333333
61,1530,1670,2226.31
62,1530,1670,2224.846666666667
63,1530,1670,2223.766666666667
64,1530,1670,2222.57
65,1530,1670,2221.1966666666667
66,1530,1670,2219.59
67,1530,1670,2218.133333333333
68,1530,1670,2216.07
69,1530,1670,2213.59
70,1530,1670,2212.826666666667
71,1530,1670,2211.04
72,1530,1670,2209.0066666666667
73,1530,1670,2207.92
74,1530,1670,2206.09
75,1530,1670,2205.4966666666664
76,1530,1670,2203.18
77,1530,1670,2201.91
78,1530,1670,2199.866666666667
79,1530,1670,2198.8933333333334
80,1530,1670,2197.056666666667
81,1530,1670,2195.25
82,1530,1670,2194.41
83,1530,1670,2192.7033333333334
84,1530,1670,2190.3933333333334
85,1530,1670,2189.1766666666667
86,1530,1670,2187.06
87,1530,1670,2186.54
88,1530,1670,2184.8366666666666
89,1530,1670,2183.653333333333
90,1530,1670,2183.5
91,1530,1670,2182.286666666667
92,1530,1670,2181.4333333333334
93,1530,1670,2179.7633333333333
94,1530,1670,2179.056666666667
95,1530,1670,2176.83
96,1530,1670,2175.6033333333335
97,1530,1670,2173.8766666666666
98,1530,1670,2171.8766666666666
99,1530,1670,2169.8333333333335
100,1530,1669,2167.443333333333
1,1530,1876,2326.5433333333335
2,1530,1876,2324.02
3,1530,1856,2321.3
4,1530,1856,2319.5033333333336
5,1530,1856,2318.13
6,1530,1856,2316.91
7,1530,1856,2315.5633333333335
8,1530,1856,2313.7366666666667
9,1530,1856,2312.47
10,1530,1856,2310.286666666667
11,1530,1856,2308.8966666666665
12,1530,1856,2306.9566666666665
13,1530,1856,2305.2966666666666
14,1530,1856,2303.7633333333333
15,1530,1856,2302.6433333333334
16,1530,1856,2300.8233333333333
17,1530,1856,2299.8866666666668
18,1530,1856,2297.9066666666668
19,1530,1856,2296.826666666667
20,1530,1856,2294.69
21,1530,1856,2293.6233333333334
22,1530,1856,2293.11
23,1530,1856,2291.79
24,1530,1748,2289.0833333333335
25,1530,1748,2287.9466666666667
26,1530,1748,2286.1866666666665
27,1530,1748,2284.923333333333
28,1530,1748,2283.1466666666665
29,1530,1738,2280.45
30,1530,1738,2278.75
31,1530,1738,2276.38
32,1530,1738,2274.3
33,1530,1738,2273.0933333333332
34,1530,1738,2271.8433333333332
35,1530,1738,2270.44
36,1530,1738,2268.88
37,1530,1738,2266.31
38,1530,1738,2265.11
39,1530,1738,2263.326666666667
40,1530,1738,2261.766666666667
41,1530,1738,2260.2533333333336
42,1530,1738,2259.1233333333334
43,1530,1738,2257.84
44,1530,1738,2255.6566666666668
45,1530,1738,2254.24
46,1530,1738,2251.9533333333334
47,1530,1734,2249.4333333333334
48,1530,1734,2248.1633333333334
49,1530,1670,2245.4666666666667
50,1530,1670,2243.1633333333334
51,1530,1670,2242.24
52,1530,1670,2240.73
53,1530,1670,2238.6033333333335
54,1530,1670,2237.786666666667
55,1530,1670,2235.78
56,1530,1670,2233.9866666666667
57,1530,1670,2232.133333333333
58,1530,1670,2230.943333333333
59,1530,1670,2228.3733333333334
60,1530,1670,2227.443333333333
61,1530,1670,2226.31
62,1530,1670,2224.846666666667
63,1530,1670,2223.766666666667
64,1530,1670,2222.57
65,1530,1670,2221.1966666666667
66,1530,1670,2219.59
67,1530,1670,2218.133333333333
68,1530,1670,2216.07
69,1530,1670,2213.59
70,1530,1670,2212.826666666667
71,1530,1670,2211.04
72,1530,1670,2209.0066666666667
73,1530,1670,2207.92
74,1530,1670,2206.09
75,1530,1670,2205.4966666666664
76,1530,1670,2203.18
77,1530,1670,2201.91
78,1530,1670,2199.866666666667
79,1530,1670,2198.8933333333334
80,1530,1670,2197.056666666667
81,1530,1670,2195.25
82,1530,1670,2194.41
83,1530,1670,2192.7033333333334
84,1530,1670,2190.3933333333334
85,1530,1670,2189.1766666666667
86,1530,1670,2187.06
87,1530,1670,2186.54
88,1530,1670,2184.8366666666666
89,1530,1670,2183.653333333333
90,1530,1670,2183.5
91,1530,1670,2182.286666666667
92,1530,1670,2181.4333333333334
93,1530,1670,2179.7633333333333
94,1530,1670,2179.056666666667
95,1530,1670,2176.83
96,1530,1670,2175.6033333333335
97,1530,1670,2173.8766666666666
98,1530,1670,2171.8766666666666
99,1530,1670,2169.8333333333335
100,1530,1669,2167.443333333333
1,1530,1876,2326.5433333333335
2,1530,1876,2324.02
3,1530,1856,2321.3
4,1530,1856,2319.5033333333336
5,1530,1856,2318.13
6,1530,1856,2316.91
7,1530,1856,2315.5633333333335
8,1530,1856,2313.7366666666667
9,1530,1856,2312.47
10,1530,1856,2310.286666666667
11,1530,1856,2308.8966666666665
12,1530,1856,2306.9566666666665
13,1530,1856,2305.2966666666666
14,1530,1856,2303.7633333333333
15,1530,1856,2302.6433333333334
16,1530,1856,2300.8233333333333
17,1530,1856,2299.8866666666668
18,1530,1856,2297.9066666666668
19,1530,1856,2296.826666666667
20,1530,1856,2294.69
21,1530,1856,2293.6233333333334
22,1530,1856,2293.11
23,1530,1856,2291.79
24,1530,1748,2289.0833333333335
25,1530,1748,2287.9466666666667
26,1530,1748,2286.1866666666665
27,1530,1748,2284.923333333333
28,1530,1748,2283.1466666666665
29,1530,1738,2280.45
30,1530,1738,2278.75
31,1530,1738,2276.38
32,1530,1738,2274.3
33,1530,1738,2273.0933333333332
34,1530,1738,2271.8433333333332
35,1530,1738,2270.44
36,1530,1738,2268.88
37,1530,1738,2266.31
38,1530,1738,2265.11
39,1530,1738,2263.326666666667
40,1530,1738,2261.766666666667
41,1530,1738,2260.2533333333336
42,1530,1738,2259.1233333333334
43,1530,1738,2257.84
44,1530,1738,2255.6566666666668
45,1530,1738,2254.24
46,1530,1738,2251.9533333333334
47,1530,1734,2249.4333333333334
48,1530,1734,2248.1633333333334
49,1530,1670,2245.4666666666667
50,1530,1670,2243.1633333333334
51,1530,1670,2242.24
52,1530,1670,2240.73
53,1530,1670,2238.6033333333335
54,1530,1670,2237.786666666667
55,1530,1670,2235.78
56,1530,1670,2233.9866666666667
57,1530,1670,2232.133333333333
58,1530,1670,2230.943333333333
59,1530,1670,2228.3733333333334
60,1530,1670,2227.443333333333
61,1530,1670,2226.31
62,1530,1670,2224.846666666667
63,1530,1670,2223.766666666667
64,1530,1670,2222.57
65,1530,1670,2221.1966666666667
66,1530,1670,2219.59
67,1530,1670,2218.133333333333
68,1530,1670,2216.07
69,1530,1670,2213.59
70,1530,1670,2212.826666666667
71,1530,1670,2211.04
72,1530,1670,2209.0066666666667
73,1530,1670,2207.92
74,1530,1670,2206.09
75,1530,1670,2205.4966666666664
76,1530,1670,2203.18
77,1530,1670,2201.91
78,1530,1670,2199.866666666667
79,1530,1670,2198.8933333333334
80,1530,1670,2197.056666666667
81,1530,1670,2195.25
82,1530,1670,2194.41
83,1530,1670,2192.7033333333334
84,1530,1670,2190.3933333333334
85,1530,1670,2189.1766666666667
86,1530,1670,2187.06
87,1530,1670,2186.54
88,1530,1670,2184.8366666666666
89,1530,1670,2183.653333333333
90,1530,1670,2183.5
91,1530,1670,2182.286666666667
92,1530,1670,2181.4333333333334
93,1530,1670,2179.7633333333333
94,1530,1670,2179.056666666667
95,1530,1670,2176.83
96,1530,1670,2175.6033333333335
97,1530,1670,2173.8766666666666
98,1530,1670,2171.8766666666666
99,1530,1670,2169.8333333333335
100,1530,1669,2167.443333333333
