1,1473,1719,2181.4566666666665
2,1473,1719,2179.9066666666668
3,1473,1719,2178.1233333333334
4,1473,1719,2176.8366666666666
5,1473,1719,2174.93
6,1473,1719,2173.81
7,1473,1719,2171.53
8,1473,1719,2170.1366666666668
9,1473,1719,2169.12
10,1473,1719,2167.673333333333
11,1473,1719,2166.266666666667
12,1473,1719,2165.4166666666665
13,1473,1719,2163.7466666666664
14,1473,1719,2162.9166666666665
15,1473,1569,2160.1666666666665
16,1473,1569,2158.8866666666668
17,1473,1569,2157.1866666666665
18,1473,1569,2155.5133333333333
19,1473,1569,2154.3033333333333
20,1473,1569,2154.173333333333
21,1473,1569,2153.6633333333334
22,1473,1569,2152.23
23,1473,1569,2150.963333333333
24,1473,1569,2150.0233333333335
25,1473,1569,2149.2433333333333
26,1473,1569,2147.5033333333336
27,1473,1569,2144.8866666666668
28,1473,1569,2143.8
29,1473,1569,2142.56
30,1473,1569,2140.9333333333334
31,1473,1569,2139.4066666666668
32,1473,1569,2137.39
33,1473,1569,2135.2066666666665
34,1473,1569,2134.0666666666666
35,1473,1569,2133.03
36,1473,1569,2131.7933333333335
37,1473,1569,2130.016666666667
38,1473,1569,2127.983333333333
39,1473,1569,2127.02
40,1473,1569,2125.0933333333332
41,1473,1569,2124.076666666667
42,1473,1569,2121.8766666666666
43,1473,1569,2121.09
44,1473,1569,2119.5033333333336
45,1473,1569,2118.2766666666666
46,1473,1569,2117.1233333333334
47,1473,1569,2114.806666666667
48,1473,1569,2114.4933333333333
49,1473,1569,2112.5866666666666
50,1473,1569,2110.45
51,1473,1569,2109.6666666666665
52,1473,1569,2107.9466666666667
53,1473,1569,2106.2966666666666
54,1473,1569,2104.76
55,1473,1569,2104.0266666666666
56,1473,1569,2102.38
57,1473,1569,2102.03
58,1473,1569,2100.44
59,1473,1569,2099.8366666666666
60,1473,1569,2098.36
61,1473,1569,2096.8566666666666
62,1473,1569,2096.2233333333334
63,1473,1569,2094.036666666667
64,1473,1569,2092.2766666666666
65,1473,1569,2091.5266666666666
66,1473,1569,2089.2933333333335
67,1473,1569,2088.05
68,1473,1569,2086.0733333333333
69,1473,1569,2084.97
70,1473,1569,2083.516666666667
71,1473,1569,2081.233333333333
72,1473,1569,2079.9333333333334
73,1473,1569,2078.0733333333333
74,1473,1569,2077.7966666666666
75,1473,1569,2076.653333333333
76,1473,1569,2074.596666666667
77,1473,1569,2073.943333333333
78,1473,1569,2072.8633333333332
79,1473,1569,2071.8
80,1473,1569,2070.4733333333334
81,1473,1569,2068.76
82,1473,1569,2067.24
83,1473,1569,2065.3766666666666
84,1473,1569,2064.12
85,1473,1569,2061.7966666666666
86,1473,1569,2060.38
87,1473,1569,2059.96
88,1473,1569,2057.6366666666668
89,1473,1569,2056.22
90,1473,1569,2054.576666666667
91,1473,1569,2053.9133333333334
92,1473,1569,2051.9366666666665
93,1473,1569,2050.7633333333333
94,1473,1569,2050.33
95,1473,1569,2049.2066666666665
96,1473,1569,2047.8433333333332
97,1473,1569,2046.6033333333332
98,1473,1569,2045.2466666666667
99,1473,1565,2042.95
100,1473,1565,2040.9266666666667
1,1473,1719,2181.4566666666665
2,1473,1719,2179.9066666666668
3,1473,1719,2178.1233333333334
4,1473,1719,2176.8366666666666
5,1473,1719,2174.93
6,1473,1719,2173.81
7,1473,1719,2171.53
8,1473,1719,2170.1366666666668
9,1473,1719,2169.12
10,1473,1719,2167.673333333333
11,1473,1719,2166.266666666667
12,1473,1719,2165.4166666666665
13,1473,1719,2163.7466666666664
14,1473,1719,2162.9166666666665
15,1473,1569,2160.1666666666665
16,1473,1569,2158.8866666666668
17,1473,1569,2157.1866666666665
18,1473,1569,2155.5133333333333
19,1473,1569,2154.3033333333333
20,1473,1569,2154.173333333333
21,1473,1569,2153.6633333333334
22,1473,1569,2152.23
23,1473,1569,2150.963333333333
24,1473,1569,2150.0233333333335
25,1473,1569,2149.2433333333333
26,1473,1569,2147.5033333333336
27,1473,1569,2144.8866666666668
28,1473,1569,2143.8
29,1473,1569,2142.56
30,1473,1569,2140.9333333333334
31,1473,1569,2139.4066666666668
32,1473,1569,2137.39
33,1473,1569,2135.2066666666665
34,1473,1569,2134.0666666666666
35,1473,1569,2133.03
36,1473,1569,2131.7933333333335
37,1473,1569,2130.016666666667
38,1473,1569,2127.983333333333
39,1473,1569,2127.02
40,1473,1569,2125.0933333333332
41,1473,1569,2124.076666666667
42,1473,1569,2121.8766666666666
43,1473,1569,2121.09
44,1473,1569,2119.5033333333336
45,1473,1569,2118.2766666666666
46,1473,1569,2117.1233333333334
47,1473,1569,2114.806666666667
48,1473,1569,2114.4933333333333
49,1473,1569,2112.5866666666666
50,1473,1569,2110.45
51,1473,1569,2109.6666666666665
52,1473,1569,2107.9466666666667
53,1473,1569,2106.2966666666666
54,1473,1569,2104.76
55,1473,1569,2104.0266666666666
56,1473,1569,2102.38
57,1473,1569,2102.03
58,1473,1569,2100.44
59,1473,1569,2099.8366666666666
60,1473,1569,2098.36
61,1473,1569,2096.8566666666666
62,1473,1569,2096.2233333333334
63,1473,1569,2094.036666666667
64,1473,1569,2092.2766666666666
65,1473,1569,2091.5266666666666
66,1473,1569,2089.2933333333335
67,1473,1569,2088.05
68,1473,1569,2086.0733333333333
69,1473,1569,2084.97
70,1473,1569,2083.516666666667
71,1473,1569,2081.233333333333
72,1473,1569,2079.9333333333334
73,1473,1569,2078.0733333333333
74,1473,1569,2077.7966666666666
75,1473,1569,2076.653333333333
76,1473,1569,2074.596666666667
77,1473,1569,2073.943333333333
78,1473,1569,2072.8633333333332
79,1473,1569,2071.8
80,1473,1569,2070.4733333333334
81,1473,1569,2068.76
82,1473,1569,2067.24
83,1473,1569,2065.3766666666666
84,1473,1569,2064.12
85,1473,1569,2061.7966666666666
86,1473,1569,2060.38
87,1473,1569,2059.96
88,1473,1569,2057.6366666666668
89,1473,1569,2056.22
90,1473,1569,2054.576666666667
91,1473,1569,2053.9133333333334
92,1473,1569,2051.9366666666665
93,1473,1569,2050.7633333333333
94,1473,1569,2050.33
95,1473,1569,2049.2066666666665
96,1473,1569,2047.8433333333332
97,1473,1569,2046.6033333333332
98,1473,1569,2045.2466666666667
99,1473,1565,2042.95
100,1473,1565,2040.9266666666667
1,1473,1719,2181.4566666666665
2,1473,1719,2179.9066666666668
3,1473,1719,2178.1233333333334
4,1473,1719,2176.8366666666666
5,1473,1719,2174.93
6,1473,1719,2173.81
7,1473,1719,2171.53
8,1473,1719,2170.1366666666668
9,1473,1719,2169.12
10,1473,1719,2167.673333333333
11,1473,1719,2166.266666666667
12,1473,1719,2165.4166666666665
13,1473,1719,2163.7466666666664
14,1473,1719,2162.9166666666665
15,1473,1569,2160.1666666666665
16,1473,1569,2158.8866666666668
17,1473,1569,2157.1866666666665
18,1473,1569,2155.5133333333333
19,1473,1569,2154.3033333333333
20,1473,1569,2154.173333333333
21,1473,1569,2153.6633333333334
22,1473,1569,2152.23
23,1473,1569,2150.963333333333
24,1473,1569,2150.0233333333335
25,1473,1569,2149.2433333333333
26,1473,1569,2147.5033333333336
27,1473,1569,2144.8866666666668
28,1473,1569,2143.8
29,1473,1569,2142.56
30,1473,1569,2140.9333333333334
31,1473,1569,2139.4066666666668
32,1473,1569,2137.39
33,1473,1569,2135.2066666666665
34,1473,1569,2134.0666666666666
35,1473,1569,2133.03
36,1473,1569,2131.7933333333335
37,1473,1569,2130.016666666667
38,1473,1569,2127.983333333333
39,1473,1569,2127.02
40,1473,1569,2125.0933333333332
41,1473,1569,2124.076666666667
42,1473,1569,2121.8766666666666
43,1473,1569,2121.09
44,1473,1569,2119.5033333333336
45,1473,1569,2118.2766666666666
46,1473,1569,2117.1233333333334
47,1473,1569,2114.806666666667
48,1473,1569,2114.4933333333333
49,1473,1569,2112.5866666666666
50,1473,1569,2110.45
51,1473,1569,2109.6666666666665
52,1473,1569,2107.9466666666667
53,1473,1569,2106.2966666666666
54,1473,1569,2104.76
55,1473,1569,2104.0266666666666
56,1473,1569,2102.38
57,1473,1569,2102.03
58,1473,1569,2100.44
59,1473,1569,2099.8366666666666
60,1473,1569,2098.36
61,1473,1569,2096.8566666666666
62,1473,1569,2096.2233333333334
63,1473,1569,2094.036666666667
64,1473,1569,2092.2766666666666
65,1473,1569,2091.5266666666666
66,1473,1569,2089.2933333333335
67,1473,1569,2088.05
68,1473,1569,2086.0733333333333
69,1473,1569,2084.97
70,1473,1569,2083.516666666667
71,1473,1569,2081.233333333333
72,1473,1569,2079.9333333333334
73,1473,1569,2078.0733333333333
74,1473,1569,2077.7966666666666
75,1473,1569,2076.653333333333
76,1473,1569,2074.596666666667
77,1473,1569,2073.943333333333
78,1473,1569,2072.8633333333332
79,1473,1569,2071.8
80,1473,1569,2070.4733333333334
81,1473,1569,2068.76
82,1473,1569,2067.24
83,1473,1569,2065.3766666666666
84,1473,1569,2064.12
85,1473,1569,2061.7966666666666
86,1473,1569,2060.38
87,1473,1569,2059.96
88,1473,1569,2057.6366666666668
89,1473,1569,2056.22
90,1473,1569,2054.576666666667
91,1473,1569,2053.9133333333334
92,1473,1569,2051.9366666666665
93,1473,1569,2050.7633333333333
94,1473,1569,2050.33
95,1473,1569,2049.2066666666665
96,1473,1569,2047.8433333333332
97,1473,1569,2046.6033333333332
98,1473,1569,2045.2466666666667
99,1473,1565,2042.95
100,1473,1565,2040.9266666666667
