1,1286,1556,1945.4166666666667
2,1286,1556,1942.9
3,1286,1556,1940.8533333333332
4,1286,1556,1939.0233333333333
5,1286,1556,1937.2933333333333
6,1286,1556,1935.4933333333333
7,1286,1556,1933.8633333333332
8,1286,1556,1932.16
9,1286,1556,1931.3633333333332
10,1286,1556,1931.1666666666667
11,1286,1556,1929.8766666666668
12,1286,1556,1928.6666666666667
13,1286,1556,1927.39
14,1286,1556,1925.5933333333332
15,1286,1556,1924.4266666666667
16,1286,1556,1923.2433333333333
17,1286,1556,1921.7133333333334
18,1286,1556,1920.12
19,1286,1470,1917.7833333333333
20,1286,1470,1916.2833333333333
21,1286,1470,1915.3533333333332
22,1286,1470,1913.5
23,1286,1470,1912.6333333333334
24,1286,1470,1911.2433333333333
25,1286,1388,1908.6866666666667
26,1286,1388,1907.31
27,1286,1388,1906.4333333333334
28,1286,1388,1904.5966666666666
29,1286,1388,1902.1066666666666
30,1286,1388,1900.6033333333332
31,1286,1388,1899.65
32,1286,1388,1898.1666666666667
33,1286,1388,1897.13
34,1286,1388,1895.55
35,1286,1388,1894.5833333333333
36,1286,1388,1893.8733333333332
37,1286,1388,1892.4133333333334
38,1286,1388,1890.9266666666667
39,1286,1388,1890.0866666666666
40,1286,1388,1888.9033333333334
41,1286,1388,1886.72
42,1286,1388,1885.0066666666667
43,1286,1388,1883.7433333333333
44,1286,1388,1882.5966666666666
45,1286,1388,1881.1033333333332
46,1286,1388,1879.62
47,1286,1388,1877.8733333333332
48,1286,1388,1875.59
49,1286,1388,1873.2566666666667
50,1286,1388,1871.6033333333332
51,1286,1388,1870.73
52,1286,1388,1869.42
53,1286,1388,1868.5066666666667
54,1286,1388,1866.9133333333334
55,1286,1388,1865.78
56,1286,1388,1863.9566666666667
57,1286,1388,1862.78
58,1286,1388,1861.3533333333332
59,1286,1388,1860.0266666666666
60,1286,1388,1858.4033333333334
61,1286,1388,1857.0866666666666
62,1286,1388,1855.5533333333333
63,1286,1388,1853.4533333333334
64,1286,1388,1852.6133333333332
65,1286,1388,1851.4833333333333
66,1286,1388,1849.3166666666666
67,1286,1388,1847.7033333333334
68,1286,1388,1846.65
69,1286,1388,1845.41
70,1286,1388,1843.98
71,1286,1388,1842.5833333333333
72,1286,1388,1842.13
73,1286,1388,1841.3
74,1286,1388,1840.27
75,1286,1345,1837.9666666666667
76,1286,1345,1837.3366666666666
77,1286,1345,1835.4133333333334
78,1286,1345,1834.7366666666667
79,1286,1345,1833.17
80,1286,1345,1831.86
81,1286,1345,1830.9733333333334
82,1286,1345,1829.6033333333332
83,1286,1345,1828.3566666666666
84,1286,1345,1826.8133333333333
85,1286,1345,1825.44
86,1286,1345,1823.9533333333334
87,1286,1345,1822.2433333333333
88,1286,1345,1820.46
89,1286,1345,1818.6566666666668
90,1286,1345,1817.0566666666666
91,1286,1345,1815.2866666666666
92,1286,1345,1814.04
93,1286,1345,1813.45
94,1286,1345,1812.7833333333333
95,1286,1345,1811.6566666666668
96,1286,1345,1811.3466666666666
97,1286,1345,1810.6833333333334
98,1286,1345,1809.4266666666667
99,1286,1345,1808.0
100,1286,1345,1806.4533333333334
1,1286,1556,1945.4166666666667
2,1286,1556,1942.9
3,1286,1556,1940.8533333333332
4,1286,1556,1939.0233333333333
5,1286,1556,1937.2933333333333
6,1286,1556,1935.4933333333333
7,1286,1556,1933.8633333333332
8,1286,1556,1932.16
9,1286,1556,1931.3633333333332
10,1286,1556,1931.1666666666667
11,1286,1556,1929.8766666666668
12,1286,1556,1928.6666666666667
13,1286,1556,1927.39
14,1286,1556,1925.5933333333332
15,1286,1556,1924.4266666666667
16,1286,1556,1923.2433333333333
17,1286,1556,1921.7133333333334
18,1286,1556,1920.12
19,1286,1470,1917.7833333333333
20,1286,1470,1916.2833333333333
21,1286,1470,1915.3533333333332
22,1286,1470,1913.5
23,1286,1470,1912.6333333333334
24,1286,1470,1911.2433333333333
25,1286,1388,1908.6866666666667
26,1286,1388,1907.31
27,1286,1388,1906.4333333333334
28,1286,1388,1904.5966666666666
29,1286,1388,1902.1066666666666
30,1286,1388,1900.6033333333332
31,1286,1388,1899.65
32,1286,1388,1898.1666666666667
33,1286,1388,1897.13
34,1286,1388,1895.55
35,1286,1388,1894.5833333333333
36,1286,1388,1893.8733333333332
37,1286,1388,1892.4133333333334
38,1286,1388,1890.9266666666667
39,1286,1388,1890.0866666666666
40,1286,1388,1888.9033333333334
41,1286,1388,1886.72
42,1286,1388,1885.0066666666667
43,1286,1388,1883.7433333333333
44,1286,1388,1882.5966666666666
45,1286,1388,1881.1033333333332
46,1286,1388,1879.62
47,1286,1388,1877.8733333333332
48,1286,1388,1875.59
49,1286,1388,1873.2566666666667
50,1286,1388,1871.6033333333332
51,1286,1388,1870.73
52,1286,1388,1869.42
53,1286,1388,1868.5066666666667
54,1286,1388,1866.9133333333334
55,1286,1388,1865.78
56,1286,1388,1863.9566666666667
57,1286,1388,1862.78
58,1286,1388,1861.3533333333332
59,1286,1388,1860.0266666666666
60,1286,1388,1858.4033333333334
61,1286,1388,1857.0866666666666
62,1286,1388,1855.5533333333333
63,1286,1388,1853.4533333333334
64,1286,1388,1852.6133333333332
65,1286,1388,1851.4833333333333
66,1286,1388,1849.3166666666666
67,1286,1388,1847.7033333333334
68,1286,1388,1846.65
69,1286,1388,1845.41
70,1286,1388,1843.98
71,1286,1388,1842.5833333333333
72,1286,1388,1842.13
73,1286,1388,1841.3
74,1286,1388,1840.27
75,1286,1345,1837.9666666666667
76,1286,1345,1837.3366666666666
77,1286,1345,1835.4133333333334
78,1286,1345,1834.7366666666667
79,1286,1345,1833.17
80,1286,1345,1831.86
81,1286,1345,1830.9733333333334
82,1286,1345,1829.6033333333332
83,1286,1345,1828.3566666666666
84,1286,1345,1826.8133333333333
85,1286,1345,1825.44
86,1286,1345,1823.9533333333334
87,1286,1345,1822.2433333333333
88,1286,1345,1820.46
89,1286,1345,1818.6566666666668
90,1286,1345,1817.0566666666666
91,1286,1345,1815.2866666666666
92,1286,1345,1814.04
93,1286,1345,1813.45
94,1286,1345,1812.7833333333333
95,1286,1345,1811.6566666666668
96,1286,1345,1811.3466666666666
97,1286,1345,1810.6833333333334
98,1286,1345,1809.4266666666667
99,1286,1345,1808.0
100,1286,1345,1806.4533333333334
1,1286,1556,1945.4166666666667
2,1286,1556,1942.9
3,1286,1556,1940.8533333333332
4,1286,1556,1939.0233333333333
5,1286,1556,1937.2933333333333
6,1286,1556,1935.4933333333333
7,1286,1556,1933.8633333333332
8,1286,1556,1932.16
9,1286,1556,1931.3633333333332
10,1286,1556,1931.1666666666667
11,1286,1556,1929.8766666666668
12,1286,1556,1928.6666666666667
13,1286,1556,1927.39
14,1286,1556,1925.5933333333332
15,1286,1556,1924.4266666666667
16,1286,1556,1923.2433333333333
17,1286,1556,1921.7133333333334
18,1286,1556,1920.12
19,1286,1470,1917.7833333333333
20,1286,1470,1916.2833333333333
21,1286,1470,1915.3533333333332
22,1286,1470,1913.5
23,1286,1470,1912.6333333333334
24,1286,1470,1911.2433333333333
25,1286,1388,1908.6866666666667
26,1286,1388,1907.31
27,1286,1388,1906.4333333333334
28,1286,1388,1904.5966666666666
29,1286,1388,1902.1066666666666
30,1286,1388,1900.6033333333332
31,1286,1388,1899.65
32,1286,1388,1898.1666666666667
33,1286,1388,1897.13
34,1286,1388,1895.55
35,1286,1388,1894.5833333333333
36,1286,1388,1893.8733333333332
37,1286,1388,1892.4133333333334
38,1286,1388,1890.9266666666667
39,1286,1388,1890.0866666666666
40,1286,1388,1888.9033333333334
41,1286,1388,1886.72
42,1286,1388,1885.0066666666667
43,1286,1388,1883.7433333333333
44,1286,1388,1882.5966666666666
45,1286,1388,1881.1033333333332
46,1286,1388,1879.62
47,1286,1388,1877.8733333333332
48,1286,1388,1875.59
49,1286,1388,1873.2566666666667
50,1286,1388,1871.6033333333332
51,1286,1388,1870.73
52,1286,1388,1869.42
53,1286,1388,1868.5066666666667
54,1286,1388,1866.9133333333334
55,1286,1388,1865.78
56,1286,1388,1863.9566666666667
57,1286,1388,1862.78
58,1286,1388,1861.3533333333332
59,1286,1388,1860.0266666666666
60,1286,1388,1858.4033333333334
61,1286,1388,1857.0866666666666
62,1286,1388,1855.5533333333333
63,1286,1388,1853.4533333333334
64,1286,1388,1852.6133333333332
65,1286,1388,1851.4833333333333
66,1286,1388,1849.3166666666666
67,1286,1388,1847.7033333333334
68,1286,1388,1846.65
69,1286,1388,1845.41
70,1286,1388,1843.98
71,1286,1388,1842.5833333333333
72,1286,1388,1842.13
73,1286,1388,1841.3
74,1286,1388,1840.27
75,1286,1345,1837.9666666666667
76,1286,1345,1837.3366666666666
77,1286,1345,1835.4133333333334
78,1286,1345,1834.7366666666667
79,1286,1345,1833.17
80,1286,1345,1831.86
81,1286,1345,1830.9733333333334
82,1286,1345,1829.6033333333332
83,1286,1345,1828.3566666666666
84,1286,1345,1826.8133333333333
85,1286,1345,1825.44
86,1286,1345,1823.9533333333334
87,1286,1345,1822.2433333333333
88,1286,1345,1820.46
89,1286,1345,1818.6566666666668
90,1286,1345,1817.0566666666666
91,1286,1345,1815.2866666666666
92,1286,1345,1814.04
93,1286,1345,1813.45
94,1286,1345,1812.7833333333333
95,1286,1345,1811.6566666666668
96,1286,1345,1811.3466666666666
97,1286,1345,1810.6833333333334
98,1286,1345,1809.4266666666667
99,1286,1345,1808.0
100,1286,1345,1806.4533333333334
