1,1613,2204,2687.96
2,1613,2204,2684.8933333333334
3,1613,2204,2682.53
4,1613,2204,2679.83
5,1613,2204,2677.4733333333334
6,1613,2204,2675.8866666666668
7,1613,2204,2673.733333333333
8,1613,2204,2671.8133333333335
9,1613,2173,2668.963333333333
10,1613,2173,2666.516666666667
11,1613,2173,2664.5466666666666
12,1613,1889,2660.7966666666666
13,1613,1889,2658.23
14,1613,1889,2656.54
15,1613,1889,2654.1766666666667
16,1613,1889,2652.2166666666667
17,1613,1889,2650.65
18,1613,1889,2648.5833333333335
19,1613,1889,2646.596666666667
20,1613,1889,2644.3933333333334
21,1613,1889,2642.2966666666666
22,1613,1889,2640.6066666666666
23,1613,1889,2639.05
24,1613,1889,2637.3033333333333
25,1613,1889,2635.45
26,1613,1889,2633.5833333333335
27,1613,1889,2631.87
28,1613,1889,2629.923333333333
29,1613,1889,2627.91
30,1613,1889,2624.826666666667
31,1613,1889,2623.443333333333
32,1613,1889,2620.7733333333335
33,1613,1889,2619.89
34,1613,1889,2618.483333333333
35,1613,1889,2616.72
36,1613,1889,2614.63
37,1613,1889,2613.5
38,1613,1889,2611.9266666666667
39,1613,1889,2609.9766666666665
40,1613,1889,2607.9
41,1613,1889,2606.5433333333335
42,1613,1889,2603.9366666666665
43,1613,1889,2601.0833333333335
44,1613,1889,2599.3
45,1613,1889,2597.943333333333
46,1613,1889,2595.56
47,1613,1889,2593.653333333333
48,1613,1889,2591.24
49,1613,1889,2588.15
50,1613,1889,2585.693333333333
51,1613,1889,2583.9666666666667
52,1613,1889,2582.9466666666667
53,1613,1889,2580.4066666666668
54,1613,1889,2577.8933333333334
55,1613,1889,2576.4133333333334
56,1613,1889,2575.963333333333
57,1613,1889,2574.75
58,1613,1889,2572.26
59,1613,1889,2569.3566666666666
60,1613,1889,2567.1466666666665
61,1613,1889,2564.5333333333333
62,1613,1889,2563.5133333333333
63,1613,1889,2560.7566666666667
64,1613,1889,2558.9933333333333
65,1613,1889,2556.3766666666666
66,1613,1889,2555.7066666666665
67,1613,1889,2552.8233333333333
68,1613,1889,2550.6233333333334
69,1613,1889,2548.2833333333333
70,1613,1889,2546.18
71,1613,1889,2543.3433333333332
72,1613,1889,2542.4866666666667
73,1613,1889,2540.13
74,1613,1889,2538.33
75,1613,1889,2536.693333333333
76,1613,1877,2533.596666666667
77,1613,1877,2532.3133333333335
78,1613,1877,2529.7633333333333
79,1613,1877,2527.483333333333
80,1613,1877,2524.866666666667
81,1613,1877,2523.3333333333335
82,1613,1877,2521.57
83,1613,1846,2518.4066666666668
84,1613,1846,2516.3566666666666
85,1613,1846,2514.18
86,1613,1846,2511.7166666666667
87,1613,1846,2509.0333333333333
88,1613,1846,2508.2366666666667
89,1613,1846,2505.8766666666666
90,1613,1846,2502.9166666666665
91,1613,1846,2499.93
92,1613,1846,2497.6633333333334
93,1613,1846,2496.0066666666667
94,1613,1846,2493.366666666667
95,1613,1846,2491.653333333333
96,1613,1846,2490.7533333333336
97,1613,1846,2488.6633333333334
98,1613,1846,2486.4
99,1613,1808,2483.2066666666665
100,1613,1808,2480.9266666666667
1,1613,2204,2687.96
2,1613,2204,2684.8933333333334
3,1613,2204,2682.53
4,1613,2204,2679.83
5,1613,2204,2677.4733333333334
6,1613,2204,2675.8866666666668
7,1613,2204,2673.733333333333
8,1613,2204,2671.8133333333335
9,1613,2173,2668.963333333333
10,1613,2173,2666.516666666667
11,1613,2173,2664.5466666666666
12,1613,1889,2660.7966666666666
13,1613,1889,2658.23
14,1613,1889,2656.54
15,1613,1889,2654.1766666666667
16,1613,1889,2652.2166666666667
17,1613,1889,2650.65
18,1613,1889,2648.5833333333335
19,1613,1889,2646.596666666667
20,1613,1889,2644.3933333333334
21,1613,1889,2642.2966666666666
22,1613,1889,2640.6066666666666
23,1613,1889,2639.05
24,1613,1889,2637.3033333333333
25,1613,1889,2635.45
26,1613,1889,2633.5833333333335
27,1613,1889,2631.87
28,1613,1889,2629.923333333333
29,1613,1889,2627.91
30,1613,1889,2624.826666666667
31,1613,1889,2623.443333333333
32,1613,1889,2620.7733333333335
33,1613,1889,2619.89
34,1613,1889,2618.483333333333
35,1613,1889,2616.72
36,1613,1889,2614.63
37,1613,1889,2613.5
38,1613,1889,2611.9266666666667
39,1613,1889,2609.9766666666665
40,1613,1889,2607.9
41,1613,1889,2606.5433333333335
42,1613,1889,2603.9366666666665
43,1613,1889,2601.0833333333335
44,1613,1889,2599.3
45,1613,1889,2597.943333333333
46,1613,1889,2595.56
47,1613,1889,2593.653333333333
48,1613,1889,2591.24
49,1613,1889,2588.15
50,1613,1889,2585.693333333333
51,1613,1889,2583.9666666666667
52,1613,1889,2582.9466666666667
53,1613,1889,2580.4066666666668
54,1613,1889,2577.8933333333334
55,1613,1889,2576.4133333333334
56,1613,1889,2575.963333333333
57,1613,1889,2574.75
58,1613,1889,2572.26
59,1613,1889,2569.3566666666666
60,1613,1889,2567.1466666666665
61,1613,1889,2564.5333333333333
62,1613,1889,2563.5133333333333
63,1613,1889,2560.7566666666667
64,1613,1889,2558.9933333333333
65,1613,1889,2556.3766666666666
66,1613,1889,2555.7066666666665
67,1613,1889,2552.8233333333333
68,1613,1889,2550.6233333333334
69,1613,1889,2548.2833333333333
70,1613,1889,2546.18
71,1613,1889,2543.3433333333332
72,1613,1889,2542.4866666666667
73,1613,1889,2540.13
74,1613,1889,2538.33
75,1613,1889,2536.693333333333
76,1613,1877,2533.596666666667
77,1613,1877,2532.3133333333335
78,1613,1877,2529.7633333333333
79,1613,1877,2527.483333333333
80,1613,1877,2524.866666666667
81,1613,1877,2523.3333333333335
82,1613,1877,2521.57
83,1613,1846,2518.4066666666668
84,1613,1846,2516.3566666666666
85,1613,1846,2514.18
86,1613,1846,2511.7166666666667
87,1613,1846,2509.0333333333333
88,1613,1846,2508.2366666666667
89,1613,1846,2505.8766666666666
90,1613,1846,2502.9166666666665
91,1613,1846,2499.93
92,1613,1846,2497.6633333333334
93,1613,1846,2496.0066666666667
94,1613,1846,2493.366666666667
95,1613,1846,2491.653333333333
96,1613,1846,2490.7533333333336
97,1613,1846,2488.6633333333334
98,1613,1846,2486.4
99,1613,1808,2483.2066666666665
100,1613,1808,2480.9266666666667
1,1613,2204,2687.96
2,1613,2204,2684.8933333333334
3,1613,2204,2682.53
4,1613,2204,2679.83
5,1613,2204,2677.4733333333334
6,1613,2204,2675.8866666666668
7,1613,2204,2673.733333333333
8,1613,2204,2671.8133333333335
9,1613,2173,2668.963333333333
10,1613,2173,2666.516666666667
11,1613,2173,2664.5466666666666
12,1613,1889,2660.7966666666666
13,1613,1889,2658.23
14,1613,1889,2656.54
15,1613,1889,2654.1766666666667
16,1613,1889,2652.2166666666667
17,1613,1889,2650.65
18,1613,1889,2648.5833333333335
19,1613,1889,2646.596666666667
20,1613,1889,2644.3933333333334
21,1613,1889,2642.2966666666666
22,1613,1889,2640.6066666666666
23,1613,1889,2639.05
24,1613,1889,2637.3033333333333
25,1613,1889,2635.45
26,1613,1889,2633.5833333333335
27,1613,1889,2631.87
28,1613,1889,2629.923333333333
29,1613,1889,2627.91
30,1613,1889,2624.826666666667
31,1613,1889,2623.443333333333
32,1613,1889,2620.7733333333335
33,1613,1889,2619.89
34,1613,1889,2618.483333333333
35,1613,1889,2616.72
36,1613,1889,2614.63
37,1613,1889,2613.5
38,1613,1889,2611.9266666666667
39,1613,1889,2609.9766666666665
40,1613,1889,2607.9
41,1613,1889,2606.5433333333335
42,1613,1889,2603.9366666666665
43,1613,1889,2601.0833333333335
44,1613,1889,2599.3
45,1613,1889,2597.943333333333
46,1613,1889,2595.56
47,1613,1889,2593.653333333333
48,1613,1889,2591.24
49,1613,1889,2588.15
50,1613,1889,2585.693333333333
51,1613,1889,2583.9666666666667
52,1613,1889,2582.9466666666667
53,1613,1889,2580.4066666666668
54,1613,1889,2577.8933333333334
55,1613,1889,2576.4133333333334
56,1613,1889,2575.963333333333
57,1613,1889,2574.75
58,1613,1889,2572.26
59,1613,1889,2569.3566666666666
60,1613,1889,2567.1466666666665
61,1613,1889,2564.5333333333333
62,1613,1889,2563.5133333333333
63,1613,1889,2560.7566666666667
64,1613,1889,2558.9933333333333
65,1613,1889,2556.3766666666666
66,1613,1889,2555.7066666666665
67,1613,1889,2552.8233333333333
68,1613,1889,2550.6233333333334
69,1613,1889,2548.2833333333333
70,1613,1889,2546.18
71,1613,1889,2543.3433333333332
72,1613,1889,2542.4866666666667
73,1613,1889,2540.13
74,1613,1889,2538.33
75,1613,1889,2536.693333333333
76,1613,1877,2533.596666666667
77,1613,1877,2532.3133333333335
78,1613,1877,2529.7633333333333
79,1613,1877,2527.483333333333
80,1613,1877,2524.866666666667
81,1613,1877,2523.3333333333335
82,1613,1877,2521.57
83,1613,1846,2518.4066666666668
84,1613,1846,2516.3566666666666
85,1613,1846,2514.18
86,1613,1846,2511.7166666666667
87,1613,1846,2509.0333333333333
88,1613,1846,2508.2366666666667
89,1613,1846,2505.8766666666666
90,1613,1846,2502.9166666666665
91,1613,1846,2499.93
92,1613,1846,2497.6633333333334
93,1613,1846,2496.0066666666667
94,1613,1846,2493.366666666667
95,1613,1846,2491.653333333333
96,1613,1846,2490.7533333333336
97,1613,1846,2488.6633333333334
98,1613,1846,2486.4
99,1613,1808,2483.2066666666665
100,1613,1808,2480.9266666666667
1,1613,2204,2687.96
2,1613,2204,2684.8933333333334
3,1613,2204,2682.53
4,1613,2204,2679.83
5,1613,2204,2677.4733333333334
6,1613,2204,2675.8866666666668
7,1613,2204,2673.733333333333
8,1613,2204,2671.8133333333335
9,1613,2173,2668.963333333333
10,1613,2173,2666.516666666667
11,1613,2173,2664.5466666666666
12,1613,1889,2660.7966666666666
13,1613,1889,2658.23
14,1613,1889,2656.54
15,1613,1889,2654.1766666666667
16,1613,1889,2652.2166666666667
17,1613,1889,2650.65
18,1613,1889,2648.5833333333335
19,1613,1889,2646.596666666667
20,1613,1889,2644.3933333333334
21,1613,1889,2642.2966666666666
22,1613,1889,2640.6066666666666
23,1613,1889,2639.05
24,1613,1889,2637.3033333333333
25,1613,1889,2635.45
26,1613,1889,2633.5833333333335
27,1613,1889,2631.87
28,1613,1889,2629.923333333333
29,1613,1889,2627.91
30,1613,1889,2624.826666666667
31,1613,1889,2623.443333333333
32,1613,1889,2620.7733333333335
33,1613,1889,2619.89
34,1613,1889,2618.483333333333
35,1613,1889,2616.72
36,1613,1889,2614.63
37,1613,1889,2613.5
38,1613,1889,2611.9266666666667
39,1613,1889,2609.9766666666665
40,1613,1889,2607.9
41,1613,1889,2606.5433333333335
42,1613,1889,2603.9366666666665
43,1613,1889,2601.0833333333335
44,1613,1889,2599.3
45,1613,1889,2597.943333333333
46,1613,1889,2595.56
47,1613,1889,2593.653333333333
48,1613,1889,2591.24
49,1613,1889,2588.15
50,1613,1889,2585.693333333333
51,1613,1889,2583.9666666666667
52,1613,1889,2582.9466666666667
53,1613,1889,2580.4066666666668
54,1613,1889,2577.8933333333334
55,1613,1889,2576.4133333333334
56,1613,1889,2575.963333333333
57,1613,1889,2574.75
58,1613,1889,2572.26
59,1613,1889,2569.3566666666666
60,1613,1889,2567.1466666666665
61,1613,1889,2564.5333333333333
62,1613,1889,2563.5133333333333
63,1613,1889,2560.7566666666667
64,1613,1889,2558.9933333333333
65,1613,1889,2556.3766666666666
66,1613,1889,2555.7066666666665
67,1613,1889,2552.8233333333333
68,1613,1889,2550.6233333333334
69,1613,1889,2548.2833333333333
70,1613,1889,2546.18
71,1613,1889,2543.3433333333332
72,1613,1889,2542.4866666666667
73,1613,1889,2540.13
74,1613,1889,2538.33
75,1613,1889,2536.693333333333
76,1613,1877,2533.596666666667
77,1613,1877,2532.3133333333335
78,1613,1877,2529.7633333333333
79,1613,1877,2527.483333333333
80,1613,1877,2524.866666666667
81,1613,1877,2523.3333333333335
82,1613,1877,2521.57
83,1613,1846,2518.4066666666668
84,1613,1846,2516.3566666666666
85,1613,1846,2514.18
86,1613,1846,2511.7166666666667
87,1613,1846,2509.0333333333333
88,1613,1846,2508.2366666666667
89,1613,1846,2505.8766666666666
90,1613,1846,2502.9166666666665
91,1613,1846,2499.93
92,1613,1846,2497.6633333333334
93,1613,1846,2496.0066666666667
94,1613,1846,2493.366666666667
95,1613,1846,2491.653333333333
96,1613,1846,2490.7533333333336
97,1613,1846,2488.6633333333334
98,1613,1846,2486.4
99,1613,1808,2483.2066666666665
100,1613,1808,2480.9266666666667
