1,1776,2256,2970.0233333333335
2,1776,2256,2966.923333333333
3,1776,2256,2963.0133333333333
4,1776,2256,2959.766666666667
5,1776,2256,2956.4366666666665
6,1776,2256,2954.38
7,1776,2256,2952.5066666666667
8,1776,2256,2950.6866666666665
9,1776,2256,2948.2933333333335
10,1776,2256,2945.5733333333333
11,1776,2256,2943.63
12,1776,2256,2942.0733333333333
13,1776,2256,2940.536666666667
14,1776,2256,2938.9066666666668
15,1776,2256,2936.983333333333
16,1776,2256,2935.233333333333
17,1776,2256,2932.116666666667
18,1776,2256,2930.6066666666666
19,1776,2256,2929.06
20,1776,2256,2927.3166666666666
21,1776,2256,2926.826666666667
22,1776,2256,2924.096666666667
23,1776,2256,2922.11
24,1776,2256,2920.7166666666667
25,1776,2256,2919.37
26,1776,2256,2916.8166666666666
27,1776,2256,2914.866666666667
28,1776,2256,2912.3633333333332
29,1776,2256,2911.34
30,1776,2256,2908.7966666666666
31,1776,2256,2906.2566666666667
32,1776,2256,2904.8866666666668
33,1776,2256,2902.06
34,1776,2256,2900.1
35,1776,2256,2899.556666666667
36,1776,2256,2897.5733333333333
37,1776,2158,2894.1766666666667
38,1776,2158,2891.8766666666666
39,1776,2158,2889.0433333333335
40,1776,2158,2885.983333333333
41,1776,2158,2883.8366666666666
42,1776,2158,2882.07
43,1776,2158,2879.43
44,1776,2158,2877.93
45,1776,2158,2876.33
46,1776,2158,2873.693333333333
47,1776,2158,2871.71
48,1776,2158,2868.536666666667
49,1776,2158,2866.01
50,1776,2158,2863.7566666666667
51,1776,2158,2862.5633333333335
52,1776,2158,2859.8366666666666
53,1776,2158,2856.7933333333335
54,1776,2158,2855.326666666667
55,1776,2158,2852.7466666666664
56,1776,2158,2849.5333333333333
57,1776,2158,2847.653333333333
58,1776,2158,2846.0466666666666
59,1776,2158,2844.11
60,1776,2158,2842.97
61,1776,2158,2841.7166666666667
62,1776,2158,2838.963333333333
63,1776,2158,2835.97
64,1776,2158,2834.81
65,1776,2158,2832.88
66,1776,2158,2831.38
67,1776,2158,2829.64
68,1776,2158,2827.3133333333335
69,1776,2158,2826.56
70,1776,2158,2823.7466666666664
71,1776,2070,2820.266666666667
72,1776,2070,2818.49
73,1776,2070,2817.0866666666666
74,1776,2070,2814.1266666666666
75,1776,2070,2813.096666666667
76,1776,2070,2811.6433333333334
77,1776,2070,2808.92
78,1776,2070,2806.36
79,1776,2070,2805.443333333333
80,1776,2070,2803.4766666666665
81,1776,2070,2801.6666666666665
82,1776,2070,2798.6
83,1776,2070,2797.3533333333335
84,1776,2070,2796.3966666666665
85,1776,2070,2793.3133333333335
86,1776,2070,2790.33
87,1776,2070,2789.4466666666667
88,1776,2070,2787.266666666667
89,1776,2070,2784.2566666666667
90,1776,2070,2781.27
91,1776,2070,2779.62
92,1776,2070,2777.12
93,1776,2070,2774.88
94,1776,2070,2772.3366666666666
95,1776,2070,2771.46
96,1776,2070,2768.536666666667
97,1776,2070,2766.3166666666666
98,1776,2070,2764.13
99,1776,2070,2763.2
100,1776,2070,2762.4533333333334
1,1776,2256,2970.0233333333335
2,1776,2256,2966.923333333333
3,1776,2256,2963.0133333333333
4,1776,2256,2959.766666666667
5,1776,2256,2956.4366666666665
6,1776,2256,2954.38
7,1776,2256,2952.5066666666667
8,1776,2256,2950.6866666666665
9,1776,2256,2948.2933333333335
10,1776,2256,2945.5733333333333
11,1776,2256,2943.63
12,1776,2256,2942.0733333333333
13,1776,2256,2940.536666666667
14,1776,2256,2938.9066666666668
15,1776,2256,2936.983333333333
16,1776,2256,2935.233333333333
17,1776,2256,2932.116666666667
18,1776,2256,2930.6066666666666
19,1776,2256,2929.06
20,1776,2256,2927.3166666666666
21,1776,2256,2926.826666666667
22,1776,2256,2924.096666666667
23,1776,2256,2922.11
24,1776,2256,2920.7166666666667
25,1776,2256,2919.37
26,1776,2256,2916.8166666666666
27,1776,2256,2914.866666666667
28,1776,2256,2912.3633333333332
29,1776,2256,2911.34
30,1776,2256,2908.7966666666666
31,1776,2256,2906.2566666666667
32,1776,2256,2904.8866666666668
33,1776,2256,2902.06
34,1776,2256,2900.1
35,1776,2256,2899.556666666667
36,1776,2256,2897.5733333333333
37,1776,2158,2894.1766666666667
38,1776,2158,2891.8766666666666
39,1776,2158,2889.0433333333335
40,1776,2158,2885.983333333333
41,1776,2158,2883.8366666666666
42,1776,2158,2882.07
43,1776,2158,2879.43
44,1776,2158,2877.93
45,1776,2158,2876.33
46,1776,2158,2873.693333333333
47,1776,2158,2871.71
48,1776,2158,2868.536666666667
49,1776,2158,2866.01
50,1776,2158,2863.7566666666667
51,1776,2158,2862.5633333333335
52,1776,2158,2859.8366666666666
53,1776,2158,2856.7933333333335
54,1776,2158,2855.326666666667
55,1776,2158,2852.7466666666664
56,1776,2158,2849.5333333333333
57,1776,2158,2847.653333333333
58,1776,2158,2846.0466666666666
59,1776,2158,2844.11
60,1776,2158,2842.97
61,1776,2158,2841.7166666666667
62,1776,2158,2838.963333333333
63,1776,2158,2835.97
64,1776,2158,2834.81
65,1776,2158,2832.88
66,1776,2158,2831.38
67,1776,2158,2829.64
68,1776,2158,2827.3133333333335
69,1776,2158,2826.56
70,1776,2158,2823.7466666666664
71,1776,2070,2820.266666666667
72,1776,2070,2818.49
73,1776,2070,2817.0866666666666
74,1776,2070,2814.1266666666666
75,1776,2070,2813.096666666667
76,1776,2070,2811.6433333333334
77,1776,2070,2808.92
78,1776,2070,2806.36
79,1776,2070,2805.443333333333
80,1776,2070,2803.4766666666665
81,1776,2070,2801.6666666666665
82,1776,2070,2798.6
83,1776,2070,2797.3533333333335
84,1776,2070,2796.3966666666665
85,1776,2070,2793.3133333333335
86,1776,2070,2790.33
87,1776,2070,2789.4466666666667
88,1776,2070,2787.266666666667
89,1776,2070,2784.2566666666667
90,1776,2070,2781.27
91,1776,2070,2779.62
92,1776,2070,2777.12
93,1776,2070,2774.88
94,1776,2070,2772.3366666666666
95,1776,2070,2771.46
96,1776,2070,2768.536666666667
97,1776,2070,2766.3166666666666
98,1776,2070,2764.13
99,1776,2070,2763.2
100,1776,2070,2762.4533333333334
1,1776,2256,2970.0233333333335
2,1776,2256,2966.923333333333
3,1776,2256,2963.0133333333333
4,1776,2256,2959.766666666667
5,1776,2256,2956.4366666666665
6,1776,2256,2954.38
7,1776,2256,2952.5066666666667
8,1776,2256,2950.6866666666665
9,1776,2256,2948.2933333333335
10,1776,2256,2945.5733333333333
11,1776,2256,2943.63
12,1776,2256,2942.0733333333333
13,1776,2256,2940.536666666667
14,1776,2256,2938.9066666666668
15,1776,2256,2936.983333333333
16,1776,2256,2935.233333333333
17,1776,2256,2932.116666666667
18,1776,2256,2930.6066666666666
19,1776,2256,2929.06
20,1776,2256,2927.3166666666666
21,1776,2256,2926.826666666667
22,1776,2256,2924.096666666667
23,1776,2256,2922.11
24,1776,2256,2920.7166666666667
25,1776,2256,2919.37
26,1776,2256,2916.8166666666666
27,1776,2256,2914.866666666667
28,1776,2256,2912.3633333333332
29,1776,2256,2911.34
30,1776,2256,2908.7966666666666
31,1776,2256,2906.2566666666667
32,1776,2256,2904.8866666666668
33,1776,2256,2902.06
34,1776,2256,2900.1
35,1776,2256,2899.556666666667
36,1776,2256,2897.5733333333333
37,1776,2158,2894.1766666666667
38,1776,2158,2891.8766666666666
39,1776,2158,2889.0433333333335
40,1776,2158,2885.983333333333
41,1776,2158,2883.8366666666666
42,1776,2158,2882.07
43,1776,2158,2879.43
44,1776,2158,2877.93
45,1776,2158,2876.33
46,1776,2158,2873.693333333333
47,1776,2158,2871.71
48,1776,2158,2868.536666666667
49,1776,2158,2866.01
50,1776,2158,2863.7566666666667
51,1776,2158,2862.5633333333335
52,1776,2158,2859.8366666666666
53,1776,2158,2856.7933333333335
54,1776,2158,2855.326666666667
55,1776,2158,2852.7466666666664
56,1776,2158,2849.5333333333333
57,1776,2158,2847.653333333333
58,1776,2158,2846.0466666666666
59,1776,2158,2844.11
60,1776,2158,2842.97
61,1776,2158,2841.7166666666667
62,1776,2158,2838.963333333333
63,1776,2158,2835.97
64,1776,2158,2834.81
65,1776,2158,2832.88
66,1776,2158,2831.38
67,1776,2158,2829.64
68,1776,2158,2827.3133333333335
69,1776,2158,2826.56
70,1776,2158,2823.7466666666664
71,1776,2070,2820.266666666667
72,1776,2070,2818.49
73,1776,2070,2817.0866666666666
74,1776,2070,2814.1266666666666
75,1776,2070,2813.096666666667
76,1776,2070,2811.6433333333334
77,1776,2070,2808.92
78,1776,2070,2806.36
79,1776,2070,2805.443333333333
80,1776,2070,2803.4766666666665
81,1776,2070,2801.6666666666665
82,1776,2070,2798.6
83,1776,2070,2797.3533333333335
84,1776,2070,2796.3966666666665
85,1776,2070,2793.3133333333335
86,1776,2070,2790.33
87,1776,2070,2789.4466666666667
88,1776,2070,2787.266666666667
89,1776,2070,2784.2566666666667
90,1776,2070,2781.27
91,1776,2070,2779.62
92,1776,2070,2777.12
93,1776,2070,2774.88
94,1776,2070,2772.3366666666666
95,1776,2070,2771.46
96,1776,2070,2768.536666666667
97,1776,2070,2766.3166666666666
98,1776,2070,2764.13
99,1776,2070,2763.2
100,1776,2070,2762.4533333333334
