1,1608,2638,3157.4666666666667
2,1608,2496,3153.65
3,1608,2496,3150.83
4,1608,2496,3147.3133333333335
5,1608,2496,3144.4166666666665
6,1608,2496,3142.483333333333
7,1608,2496,3140.3333333333335
8,1608,2496,3137.7933333333335
9,1608,2496,3135.1466666666665
10,1608,2496,3131.8033333333333
11,1608,2496,3129.56
12,1608,2496,3127.6766666666667
13,1608,2429,3124.2166666666667
14,1608,2429,3122.8366666666666
15,1608,2300,3118.98
16,1608,2300,3117.4266666666667
17,1608,2300,3114.7
18,1608,2300,3112.49
19,1608,2300,3110.9533333333334
20,1608,2300,3108.67
21,1608,2300,3106.616666666667
22,1608,2300,3103.903333333333
23,1608,2300,3100.4366666666665
24,1608,2300,3097.2966666666666
25,1608,2300,3095.346666666667
26,1608,2300,3092.3033333333333
27,1608,2300,3088.7566666666667
28,1608,2300,3086.05
29,1608,2300,3082.67
30,1608,2300,3081.26
31,1608,2300,3080.65
32,1608,2300,3079.0
33,1608,2300,3078.483333333333
34,1608,2248,3074.6866666666665
35,1608,2248,3071.6266666666666
36,1608,2248,3069.3766666666666
37,1608,2203,3065.4333333333334
38,1608,2203,3063.4766666666665
39,1608,2203,3061.83
40,1608,2203,3059.8433333333332
41,1608,2203,3058.2833333333333
42,1608,2203,3055.4666666666667
43,1608,2203,3053.74
44,1608,2203,3052.3433333333332
45,1608,2203,3049.62
46,1608,2203,3048.37
47,1608,2203,3046.16
48,1608,2203,3044.13
49,1608,2203,3042.6233333333334
50,1608,2203,3041.56
51,1608,2203,3037.7766666666666
52,1608,2203,3034.866666666667
53,1608,2203,3033.86
54,1608,2203,3031.4466666666667
55,1608,2203,3029.9266666666667
56,1608,2203,3028.383333333333
57,1608,2203,3027.5233333333335
58,1608,2203,3025.39
59,1608,2203,3023.923333333333
60,1608,2203,3021.423333333333
61,1608,2203,3018.2366666666667
62,1608,2203,3015.2466666666664
63,1608,2203,3013.39
64,1608,2203,3009.7833333333333
65,1608,2203,3006.423333333333
66,1608,2203,3003.53
67,1608,2203,3000.5033333333336
68,1608,2203,2999.306666666667
69,1608,2203,2997.346666666667
70,1608,2203,2994.3866666666668
71,1608,2203,2993.45
72,1608,2203,2989.8733333333334
73,1608,2203,2988.89
74,1608,2203,2987.2033333333334
75,1608,1988,2982.9
76,1608,1988,2980.2
77,1608,1988,2977.5033333333336
78,1608,1988,2974.02
79,1608,1988,2972.8133333333335
80,1608,1988,2970.1366666666668
81,1608,1988,2967.0733333333333
82,1608,1988,2962.9333333333334
83,1608,1988,2959.96
84,1608,1988,2957.2
85,1608,1988,2955.6233333333334
86,1608,1988,2955.1433333333334
87,1608,1988,2952.3866666666668
88,1608,1988,2950.27
89,1608,1988,2947.5633333333335
90,1608,1988,2945.23
91,1608,1988,2941.326666666667
92,1608,1988,2939.71
93,1608,1988,2936.72
94,1608,1988,2935.3333333333335
95,1608,1988,2932.713333333333
96,1608,1988,2930.04
97,1608,1988,2927.4066666666668
98,1608,1988,2923.423333333333
99,1608,1988,2921.97
100,1608,1988,2921.2733333333335
1,1608,2638,3157.4666666666667
2,1608,2496,3153.65
3,1608,2496,3150.83
4,1608,2496,3147.3133333333335
5,1608,2496,3144.4166666666665
6,1608,2496,3142.483333333333
7,1608,2496,3140.3333333333335
8,1608,2496,3137.7933333333335
9,1608,2496,3135.1466666666665
10,1608,2496,3131.8033333333333
11,1608,2496,3129.56
12,1608,2496,3127.6766666666667
13,1608,2429,3124.2166666666667
14,1608,2429,3122.8366666666666
15,1608,2300,3118.98
16,1608,2300,3117.4266666666667
17,1608,2300,3114.7
18,1608,2300,3112.49
19,1608,2300,3110.9533333333334
20,1608,2300,3108.67
21,1608,2300,3106.616666666667
22,1608,2300,3103.903333333333
23,1608,2300,3100.4366666666665
24,1608,2300,3097.2966666666666
25,1608,2300,3095.346666666667
26,1608,2300,3092.3033333333333
27,1608,2300,3088.7566666666667
28,1608,2300,3086.05
29,1608,2300,3082.67
30,1608,2300,3081.26
31,1608,2300,3080.65
32,1608,2300,3079.0
33,1608,2300,3078.483333333333
34,1608,2248,3074.6866666666665
35,1608,2248,3071.6266666666666
36,1608,2248,3069.3766666666666
37,1608,2203,3065.4333333333334
38,1608,2203,3063.4766666666665
39,1608,2203,3061.83
40,1608,2203,3059.8433333333332
41,1608,2203,3058.2833333333333
42,1608,2203,3055.4666666666667
43,1608,2203,3053.74
44,1608,2203,3052.3433333333332
45,1608,2203,3049.62
46,1608,2203,3048.37
47,1608,2203,3046.16
48,1608,2203,3044.13
49,1608,2203,3042.6233333333334
50,1608,2203,3041.56
51,1608,2203,3037.7766666666666
52,1608,2203,3034.866666666667
53,1608,2203,3033.86
54,1608,2203,3031.4466666666667
55,1608,2203,3029.9266666666667
56,1608,2203,3028.383333333333
57,1608,2203,3027.5233333333335
58,1608,2203,3025.39
59,1608,2203,3023.923333333333
60,1608,2203,3021.423333333333
61,1608,2203,3018.2366666666667
62,1608,2203,3015.2466666666664
63,1608,2203,3013.39
64,1608,2203,3009.7833333333333
65,1608,2203,3006.423333333333
66,1608,2203,3003.53
67,1608,2203,3000.5033333333336
68,1608,2203,2999.306666666667
69,1608,2203,2997.346666666667
70,1608,2203,2994.3866666666668
71,1608,2203,2993.45
72,1608,2203,2989.8733333333334
73,1608,2203,2988.89
74,1608,2203,2987.2033333333334
75,1608,1988,2982.9
76,1608,1988,2980.2
77,1608,1988,2977.5033333333336
78,1608,1988,2974.02
79,1608,1988,2972.8133333333335
80,1608,1988,2970.1366666666668
81,1608,1988,2967.0733333333333
82,1608,1988,2962.9333333333334
83,1608,1988,2959.96
84,1608,1988,2957.2
85,1608,1988,2955.6233333333334
86,1608,1988,2955.1433333333334
87,1608,1988,2952.3866666666668
88,1608,1988,2950.27
89,1608,1988,2947.5633333333335
90,1608,1988,2945.23
91,1608,1988,2941.326666666667
92,1608,1988,2939.71
93,1608,1988,2936.72
94,1608,1988,2935.3333333333335
95,1608,1988,2932.713333333333
96,1608,1988,2930.04
97,1608,1988,2927.4066666666668
98,1608,1988,2923.423333333333
99,1608,1988,2921.97
100,1608,1988,2921.2733333333335
1,1608,2638,3157.4666666666667
2,1608,2496,3153.65
3,1608,2496,3150.83
4,1608,2496,3147.3133333333335
5,1608,2496,3144.4166666666665
6,1608,2496,3142.483333333333
7,1608,2496,3140.3333333333335
8,1608,2496,3137.7933333333335
9,1608,2496,3135.1466666666665
10,1608,2496,3131.8033333333333
11,1608,2496,3129.56
12,1608,2496,3127.6766666666667
13,1608,2429,3124.2166666666667
14,1608,2429,3122.8366666666666
15,1608,2300,3118.98
16,1608,2300,3117.4266666666667
17,1608,2300,3114.7
18,1608,2300,3112.49
19,1608,2300,3110.9533333333334
20,1608,2300,3108.67
21,1608,2300,3106.616666666667
22,1608,2300,3103.903333333333
23,1608,2300,3100.4366666666665
24,1608,2300,3097.2966666666666
25,1608,2300,3095.346666666667
26,1608,2300,3092.3033333333333
27,1608,2300,3088.7566666666667
28,1608,2300,3086.05
29,1608,2300,3082.67
30,1608,2300,3081.26
31,1608,2300,3080.65
32,1608,2300,3079.0
33,1608,2300,3078.483333333333
34,1608,2248,3074.6866666666665
35,1608,2248,3071.6266666666666
36,1608,2248,3069.3766666666666
37,1608,2203,3065.4333333333334
38,1608,2203,3063.4766666666665
39,1608,2203,3061.83
40,1608,2203,3059.8433333333332
41,1608,2203,3058.2833333333333
42,1608,2203,3055.4666666666667
43,1608,2203,3053.74
44,1608,2203,3052.3433333333332
45,1608,2203,3049.62
46,1608,2203,3048.37
47,1608,2203,3046.16
48,1608,2203,3044.13
49,1608,2203,3042.6233333333334
50,1608,2203,3041.56
51,1608,2203,3037.7766666666666
52,1608,2203,3034.866666666667
53,1608,2203,3033.86
54,1608,2203,3031.4466666666667
55,1608,2203,3029.9266666666667
56,1608,2203,3028.383333333333
57,1608,2203,3027.5233333333335
58,1608,2203,3025.39
59,1608,2203,3023.923333333333
60,1608,2203,3021.423333333333
61,1608,2203,3018.2366666666667
62,1608,2203,3015.2466666666664
63,1608,2203,3013.39
64,1608,2203,3009.7833333333333
65,1608,2203,3006.423333333333
66,1608,2203,3003.53
67,1608,2203,3000.5033333333336
68,1608,2203,2999.306666666667
69,1608,2203,2997.346666666667
70,1608,2203,2994.3866666666668
71,1608,2203,2993.45
72,1608,2203,2989.8733333333334
73,1608,2203,2988.89
74,1608,2203,2987.2033333333334
75,1608,1988,2982.9
76,1608,1988,2980.2
77,1608,1988,2977.5033333333336
78,1608,1988,2974.02
79,1608,1988,2972.8133333333335
80,1608,1988,2970.1366666666668
81,1608,1988,2967.0733333333333
82,1608,1988,2962.9333333333334
83,1608,1988,2959.96
84,1608,1988,2957.2
85,1608,1988,2955.6233333333334
86,1608,1988,2955.1433333333334
87,1608,1988,2952.3866666666668
88,1608,1988,2950.27
89,1608,1988,2947.5633333333335
90,1608,1988,2945.23
91,1608,1988,2941.326666666667
92,1608,1988,2939.71
93,1608,1988,2936.72
94,1608,1988,2935.3333333333335
95,1608,1988,2932.713333333333
96,1608,1988,2930.04
97,1608,1988,2927.4066666666668
98,1608,1988,2923.423333333333
99,1608,1988,2921.97
100,1608,1988,2921.2733333333335
1,1608,2638,3157.4666666666667
2,1608,2496,3153.65
3,1608,2496,3150.83
4,1608,2496,3147.3133333333335
5,1608,2496,3144.4166666666665
6,1608,2496,3142.483333333333
7,1608,2496,3140.3333333333335
8,1608,2496,3137.7933333333335
9,1608,2496,3135.1466666666665
10,1608,2496,3131.8033333333333
11,1608,2496,3129.56
12,1608,2496,3127.6766666666667
13,1608,2429,3124.2166666666667
14,1608,2429,3122.8366666666666
15,1608,2300,3118.98
16,1608,2300,3117.4266666666667
17,1608,2300,3114.7
18,1608,2300,3112.49
19,1608,2300,3110.9533333333334
20,1608,2300,3108.67
21,1608,2300,3106.616666666667
22,1608,2300,3103.903333333333
23,1608,2300,3100.4366666666665
24,1608,2300,3097.2966666666666
25,1608,2300,3095.346666666667
26,1608,2300,3092.3033333333333
27,1608,2300,3088.7566666666667
28,1608,2300,3086.05
29,1608,2300,3082.67
30,1608,2300,3081.26
31,1608,2300,3080.65
32,1608,2300,3079.0
33,1608,2300,3078.483333333333
34,1608,2248,3074.6866666666665
35,1608,2248,3071.6266666666666
36,1608,2248,3069.3766666666666
37,1608,2203,3065.4333333333334
38,1608,2203,3063.4766666666665
39,1608,2203,3061.83
40,1608,2203,3059.8433333333332
41,1608,2203,3058.2833333333333
42,1608,2203,3055.4666666666667
43,1608,2203,3053.74
44,1608,2203,3052.3433333333332
45,1608,2203,3049.62
46,1608,2203,3048.37
47,1608,2203,3046.16
48,1608,2203,3044.13
49,1608,2203,3042.6233333333334
50,1608,2203,3041.56
51,1608,2203,3037.7766666666666
52,1608,2203,3034.866666666667
53,1608,2203,3033.86
54,1608,2203,3031.4466666666667
55,1608,2203,3029.9266666666667
56,1608,2203,3028.383333333333
57,1608,2203,3027.5233333333335
58,1608,2203,3025.39
59,1608,2203,3023.923333333333
60,1608,2203,3021.423333333333
61,1608,2203,3018.2366666666667
62,1608,2203,3015.2466666666664
63,1608,2203,3013.39
64,1608,2203,3009.7833333333333
65,1608,2203,3006.423333333333
66,1608,2203,3003.53
67,1608,2203,3000.5033333333336
68,1608,2203,2999.306666666667
69,1608,2203,2997.346666666667
70,1608,2203,2994.3866666666668
71,1608,2203,2993.45
72,1608,2203,2989.8733333333334
73,1608,2203,2988.89
74,1608,2203,2987.2033333333334
75,1608,1988,2982.9
76,1608,1988,2980.2
77,1608,1988,2977.5033333333336
78,1608,1988,2974.02
79,1608,1988,2972.8133333333335
80,1608,1988,2970.1366666666668
81,1608,1988,2967.0733333333333
82,1608,1988,2962.9333333333334
83,1608,1988,2959.96
84,1608,1988,2957.2
85,1608,1988,2955.6233333333334
86,1608,1988,2955.1433333333334
87,1608,1988,2952.3866666666668
88,1608,1988,2950.27
89,1608,1988,2947.5633333333335
90,1608,1988,2945.23
91,1608,1988,2941.326666666667
92,1608,1988,2939.71
93,1608,1988,2936.72
94,1608,1988,2935.3333333333335
95,1608,1988,2932.713333333333
96,1608,1988,2930.04
97,1608,1988,2927.4066666666668
98,1608,1988,2923.423333333333
99,1608,1988,2921.97
100,1608,1988,2921.2733333333335
