1,14422,19774,23307.583333333332
2,14422,19774,23290.48
3,14422,19774,23268.966666666667
4,14422,19774,23256.246666666666
5,14422,19774,23236.896666666667
6,14422,19774,23217.766666666666
7,14422,19774,23201.316666666666
8,14422,17028,23169.463333333333
9,14422,17028,23149.17
10,14422,17028,23135.27
11,14422,17028,23116.993333333332
12,14422,17028,23094.19
13,14422,17028,23070.35
14,14422,17028,23053.17
15,14422,17028,23035.47333333333
16,14422,17028,23021.6
17,14422,17028,23002.55
18,14422,17028,22985.943333333333
19,14422,17028,22960.153333333332
20,14422,17028,22944.373333333333
21,14422,17028,22923.353333333333
22,14422,17028,22905.09
23,14422,17028,22881.513333333332
24,14422,17028,22862.106666666667
25,14422,17028,22855.633333333335
26,14422,17028,22828.35
27,14422,17028,22811.213333333333
28,14422,17028,22786.126666666667
29,14422,17028,22768.163333333334
30,14422,17028,22751.243333333332
31,14422,17028,22725.93
32,14422,17028,22701.68
33,14422,17028,22687.933333333334
34,14422,17028,22664.52666666667
35,14422,17028,22652.116666666665
36,14422,17028,22635.456666666665
37,14422,17028,22614.296666666665
38,14422,15648,22582.213333333333
39,14422,15648,22568.323333333334
40,14422,15648,22551.823333333334
41,14422,15648,22531.476666666666
42,14422,15648,22500.12
43,14422,15648,22485.33
44,14422,15648,22467.66
45,14422,15648,22453.733333333334
46,14422,15648,22441.77
47,14422,15648,22413.733333333334
48,14422,15648,22397.05
49,14422,15648,22388.076666666668
50,14422,15648,22374.77666666667
51,14422,15648,22352.496666666666
52,14422,15648,22339.086666666666
53,14422,15648,22315.576666666668
54,14422,15648,22308.56333333333
55,14422,15648,22294.483333333334
56,14422,15648,22272.51
57,14422,15648,22260.53
58,14422,15648,22241.676666666666
59,14422,15648,22223.023333333334
60,14422,15648,22194.48
61,14422,15648,22164.253333333334
62,14422,15648,22155.206666666665
63,14422,15648,22136.756666666668
64,14422,15648,22120.993333333332
65,14422,15648,22103.283333333333
66,14422,15648,22074.143333333333
67,14422,15648,22044.536666666667
68,14422,15648,22031.806666666667
69,14422,15648,22017.63
70,14422,15648,22000.43
71,14422,15648,21978.603333333333
72,14422,15648,21966.52666666667
73,14422,15648,21951.066666666666
74,14422,15648,21932.346666666668
75,14422,15648,21908.523333333334
76,14422,15648,21890.82
77,14422,15648,21864.783333333333
78,14422,15648,21849.83
79,14422,15648,21831.93
80,14422,15648,21803.47333333333
81,14422,15648,21793.97333333333
82,14422,15648,21766.67
83,14422,15648,21754.166666666668
84,14422,15648,21740.323333333334
85,14422,15648,21714.073333333334
86,14422,15648,21686.01
87,14422,15648,21657.543333333335
88,14422,15648,21629.453333333335
89,14422,15648,21612.656666666666
90,14422,15648,21587.06
91,14422,15648,21562.023333333334
92,14422,15648,21535.04
93,14422,15648,21510.213333333333
94,14422,15648,21488.843333333334
95,14422,15648,21461.12
96,14422,15648,21435.513333333332
97,14422,15648,21432.496666666666
98,14422,15648,21424.0
99,14422,15648,21415.046666666665
100,14422,15648,21394.843333333334
1,14422,19774,23307.583333333332
2,14422,19774,23290.48
3,14422,19774,23268.966666666667
4,14422,19774,23256.246666666666
5,14422,19774,23236.896666666667
6,14422,19774,23217.766666666666
7,14422,19774,23201.316666666666
8,14422,17028,23169.463333333333
9,14422,17028,23149.17
10,14422,17028,23135.27
11,14422,17028,23116.993333333332
12,14422,17028,23094.19
13,14422,17028,23070.35
14,14422,17028,23053.17
15,14422,17028,23035.47333333333
16,14422,17028,23021.6
17,14422,17028,23002.55
18,14422,17028,22985.943333333333
19,14422,17028,22960.153333333332
20,14422,17028,22944.373333333333
21,14422,17028,22923.353333333333
22,14422,17028,22905.09
23,14422,17028,22881.513333333332
24,14422,17028,22862.106666666667
25,14422,17028,22855.633333333335
26,14422,17028,22828.35
27,14422,17028,22811.213333333333
28,14422,17028,22786.126666666667
29,14422,17028,22768.163333333334
30,14422,17028,22751.243333333332
31,14422,17028,22725.93
32,14422,17028,22701.68
33,14422,17028,22687.933333333334
34,14422,17028,22664.52666666667
35,14422,17028,22652.116666666665
36,14422,17028,22635.456666666665
37,14422,17028,22614.296666666665
38,14422,15648,22582.213333333333
39,14422,15648,22568.323333333334
40,14422,15648,22551.823333333334
41,14422,15648,22531.476666666666
42,14422,15648,22500.12
43,14422,15648,22485.33
44,14422,15648,22467.66
45,14422,15648,22453.733333333334
46,14422,15648,22441.77
47,14422,15648,22413.733333333334
48,14422,15648,22397.05
49,14422,15648,22388.076666666668
50,14422,15648,22374.77666666667
51,14422,15648,22352.496666666666
52,14422,15648,22339.086666666666
53,14422,15648,22315.576666666668
54,14422,15648,22308.56333333333
55,14422,15648,22294.483333333334
56,14422,15648,22272.51
57,14422,15648,22260.53
58,14422,15648,22241.676666666666
59,14422,15648,22223.023333333334
60,14422,15648,22194.48
61,14422,15648,22164.253333333334
62,14422,15648,22155.206666666665
63,14422,15648,22136.756666666668
64,14422,15648,22120.993333333332
65,14422,15648,22103.283333333333
66,14422,15648,22074.143333333333
67,14422,15648,22044.536666666667
68,14422,15648,22031.806666666667
69,14422,15648,22017.63
70,14422,15648,22000.43
71,14422,15648,21978.603333333333
72,14422,15648,21966.52666666667
73,14422,15648,21951.066666666666
74,14422,15648,21932.346666666668
75,14422,15648,21908.523333333334
76,14422,15648,21890.82
77,14422,15648,21864.783333333333
78,14422,15648,21849.83
79,14422,15648,21831.93
80,14422,15648,21803.47333333333
81,14422,15648,21793.97333333333
82,14422,15648,21766.67
83,14422,15648,21754.166666666668
84,14422,15648,21740.323333333334
85,14422,15648,21714.073333333334
86,14422,15648,21686.01
87,14422,15648,21657.543333333335
88,14422,15648,21629.453333333335
89,14422,15648,21612.656666666666
90,14422,15648,21587.06
91,14422,15648,21562.023333333334
92,14422,15648,21535.04
93,14422,15648,21510.213333333333
94,14422,15648,21488.843333333334
95,14422,15648,21461.12
96,14422,15648,21435.513333333332
97,14422,15648,21432.496666666666
98,14422,15648,21424.0
99,14422,15648,21415.046666666665
100,14422,15648,21394.843333333334
1,14422,19774,23307.583333333332
2,14422,19774,23290.48
3,14422,19774,23268.966666666667
4,14422,19774,23256.246666666666
5,14422,19774,23236.896666666667
6,14422,19774,23217.766666666666
7,14422,19774,23201.316666666666
8,14422,17028,23169.463333333333
9,14422,17028,23149.17
10,14422,17028,23135.27
11,14422,17028,23116.993333333332
12,14422,17028,23094.19
13,14422,17028,23070.35
14,14422,17028,23053.17
15,14422,17028,23035.47333333333
16,14422,17028,23021.6
17,14422,17028,23002.55
18,14422,17028,22985.943333333333
19,14422,17028,22960.153333333332
20,14422,17028,22944.373333333333
21,14422,17028,22923.353333333333
22,14422,17028,22905.09
23,14422,17028,22881.513333333332
24,14422,17028,22862.106666666667
25,14422,17028,22855.633333333335
26,14422,17028,22828.35
27,14422,17028,22811.213333333333
28,14422,17028,22786.126666666667
29,14422,17028,22768.163333333334
30,14422,17028,22751.243333333332
31,14422,17028,22725.93
32,14422,17028,22701.68
33,14422,17028,22687.933333333334
34,14422,17028,22664.52666666667
35,14422,17028,22652.116666666665
36,14422,17028,22635.456666666665
37,14422,17028,22614.296666666665
38,14422,15648,22582.213333333333
39,14422,15648,22568.323333333334
40,14422,15648,22551.823333333334
41,14422,15648,22531.476666666666
42,14422,15648,22500.12
43,14422,15648,22485.33
44,14422,15648,22467.66
45,14422,15648,22453.733333333334
46,14422,15648,22441.77
47,14422,15648,22413.733333333334
48,14422,15648,22397.05
49,14422,15648,22388.076666666668
50,14422,15648,22374.77666666667
51,14422,15648,22352.496666666666
52,14422,15648,22339.086666666666
53,14422,15648,22315.576666666668
54,14422,15648,22308.56333333333
55,14422,15648,22294.483333333334
56,14422,15648,22272.51
57,14422,15648,22260.53
58,14422,15648,22241.676666666666
59,14422,15648,22223.023333333334
60,14422,15648,22194.48
61,14422,15648,22164.253333333334
62,14422,15648,22155.206666666665
63,14422,15648,22136.756666666668
64,14422,15648,22120.993333333332
65,14422,15648,22103.283333333333
66,14422,15648,22074.143333333333
67,14422,15648,22044.536666666667
68,14422,15648,22031.806666666667
69,14422,15648,22017.63
70,14422,15648,22000.43
71,14422,15648,21978.603333333333
72,14422,15648,21966.52666666667
73,14422,15648,21951.066666666666
74,14422,15648,21932.346666666668
75,14422,15648,21908.523333333334
76,14422,15648,21890.82
77,14422,15648,21864.783333333333
78,14422,15648,21849.83
79,14422,15648,21831.93
80,14422,15648,21803.47333333333
81,14422,15648,21793.97333333333
82,14422,15648,21766.67
83,14422,15648,21754.166666666668
84,14422,15648,21740.323333333334
85,14422,15648,21714.073333333334
86,14422,15648,21686.01
87,14422,15648,21657.543333333335
88,14422,15648,21629.453333333335
89,14422,15648,21612.656666666666
90,14422,15648,21587.06
91,14422,15648,21562.023333333334
92,14422,15648,21535.04
93,14422,15648,21510.213333333333
94,14422,15648,21488.843333333334
95,14422,15648,21461.12
96,14422,15648,21435.513333333332
97,14422,15648,21432.496666666666
98,14422,15648,21424.0
99,14422,15648,21415.046666666665
100,14422,15648,21394.843333333334
1,14422,19774,23307.583333333332
2,14422,19774,23290.48
3,14422,19774,23268.966666666667
4,14422,19774,23256.246666666666
5,14422,19774,23236.896666666667
6,14422,19774,23217.766666666666
7,14422,19774,23201.316666666666
8,14422,17028,23169.463333333333
9,14422,17028,23149.17
10,14422,17028,23135.27
11,14422,17028,23116.993333333332
12,14422,17028,23094.19
13,14422,17028,23070.35
14,14422,17028,23053.17
15,14422,17028,23035.47333333333
16,14422,17028,23021.6
17,14422,17028,23002.55
18,14422,17028,22985.943333333333
19,14422,17028,22960.153333333332
20,14422,17028,22944.373333333333
21,14422,17028,22923.353333333333
22,14422,17028,22905.09
23,14422,17028,22881.513333333332
24,14422,17028,22862.106666666667
25,14422,17028,22855.633333333335
26,14422,17028,22828.35
27,14422,17028,22811.213333333333
28,14422,17028,22786.126666666667
29,14422,17028,22768.163333333334
30,14422,17028,22751.243333333332
31,14422,17028,22725.93
32,14422,17028,22701.68
33,14422,17028,22687.933333333334
34,14422,17028,22664.52666666667
35,14422,17028,22652.116666666665
36,14422,17028,22635.456666666665
37,14422,17028,22614.296666666665
38,14422,15648,22582.213333333333
39,14422,15648,22568.323333333334
40,14422,15648,22551.823333333334
41,14422,15648,22531.476666666666
42,14422,15648,22500.12
43,14422,15648,22485.33
44,14422,15648,22467.66
45,14422,15648,22453.733333333334
46,14422,15648,22441.77
47,14422,15648,22413.733333333334
48,14422,15648,22397.05
49,14422,15648,22388.076666666668
50,14422,15648,22374.77666666667
51,14422,15648,22352.496666666666
52,14422,15648,22339.086666666666
53,14422,15648,22315.576666666668
54,14422,15648,22308.56333333333
55,14422,15648,22294.483333333334
56,14422,15648,22272.51
57,14422,15648,22260.53
58,14422,15648,22241.676666666666
59,14422,15648,22223.023333333334
60,14422,15648,22194.48
61,14422,15648,22164.253333333334
62,14422,15648,22155.206666666665
63,14422,15648,22136.756666666668
64,14422,15648,22120.993333333332
65,14422,15648,22103.283333333333
66,14422,15648,22074.143333333333
67,14422,15648,22044.536666666667
68,14422,15648,22031.806666666667
69,14422,15648,22017.63
70,14422,15648,22000.43
71,14422,15648,21978.603333333333
72,14422,15648,21966.52666666667
73,14422,15648,21951.066666666666
74,14422,15648,21932.346666666668
75,14422,15648,21908.523333333334
76,14422,15648,21890.82
77,14422,15648,21864.783333333333
78,14422,15648,21849.83
79,14422,15648,21831.93
80,14422,15648,21803.47333333333
81,14422,15648,21793.97333333333
82,14422,15648,21766.67
83,14422,15648,21754.166666666668
84,14422,15648,21740.323333333334
85,14422,15648,21714.073333333334
86,14422,15648,21686.01
87,14422,15648,21657.543333333335
88,14422,15648,21629.453333333335
89,14422,15648,21612.656666666666
90,14422,15648,21587.06
91,14422,15648,21562.023333333334
92,14422,15648,21535.04
93,14422,15648,21510.213333333333
94,14422,15648,21488.843333333334
95,14422,15648,21461.12
96,14422,15648,21435.513333333332
97,14422,15648,21432.496666666666
98,14422,15648,21424.0
99,14422,15648,21415.046666666665
100,14422,15648,21394.843333333334
